<?xml version="1.0" standalone="no"?>
<!DOCTYPE svg PUBLIC "-//W3C//DTD SVG 20010904//EN"
 "http://www.w3.org/TR/2001/REC-SVG-20010904/DTD/svg10.dtd">
<svg version="1.0" xmlns="http://www.w3.org/2000/svg"
 width="660.000000pt" height="656.000000pt" viewBox="0 0 660.000000 656.000000"
 preserveAspectRatio="xMidYMid meet">
<metadata>
Created by potrace 1.16, written by Peter Selinger 2001-2019
</metadata>
<g transform="translate(0.000000,656.000000) scale(0.100000,-0.100000)"
fill="#000000" stroke="none">
<path d="M602 6075 c-180 -43 -272 -256 -179 -415 11 -19 554 -570 1206 -1223
l1186 -1189 -1201 -1196 c-1335 -1329 -1240 -1225 -1232 -1359 5 -81 28 -133
82 -186 49 -47 76 -61 143 -76 59 -12 133 -1 190 28 17 9 569 550 1225 1203
l1195 1187 1174 -1175 c646 -646 1191 -1186 1211 -1201 56 -38 140 -55 207
-42 139 28 231 141 231 281 0 129 72 50 -1233 1356 l-1182 1183 1177 1172
c647 645 1184 1185 1194 1200 9 15 23 53 30 84 53 228 -191 417 -402 311 -34
-17 -321 -296 -1073 -1042 -564 -561 -1095 -1087 -1179 -1170 l-152 -151
-1183 1182 c-650 649 -1200 1192 -1222 1206 -22 13 -64 29 -93 36 -61 13 -52
13 -120 -4z"/>
</g>
</svg>
